01234567

0 [1 0 X 0 1 0 X 0] 0 2 4 6  |
1 [0 1 1 0 0 X X 0] 1 2 5 6  |
2 [0 0 1 1 1 0 0 0] 2 3 4    |
3 [0 0 0 1 1 1 1 0] 3 4 5 6  |
4 [0 0 0 0 1 1 1 1] 4 5 6 7  |
5 [0 0 0 0 0 1 1 1] 5 6 7    | ..
6 [0 0 0 0 0 0 1 1] 6 7      | f(i) = 6 + 7 * i
7 [0 0 0 0 0 0 0 1] 7        | f(i) = 7

0 [0, 4] [2, 6]
1 [1, 2] [5, 6]
2 [2, 3, 4] []
3 [3, 4, 5, 6] []
4 [4, 5, 6, 7] []
5 [5, 6, 7] []
6 [6, 7] []
7 [7] []

0 [0, 2, 4, 6]
1 [1, 2, 5, 6]
2 [2, 3, 4]
3 [3, 4, 5, 6]
4 [4, 5, 6, 7]
5 [5, 6, 7]
6 [6, 7]
7 [7]


[0, 2, 4, 6], [2, 3, 4], [4, 5, 6, 7], [6, 7]
0, 2, 3, 4, 5, 6, 7
